V_01 1 1 4064 3972 0 4421
V_02 1 4519 8651 8536 0 4701
V_03 1 9450 10940 10873 0 5071
V_04 1 12573 14331 14224 0 5901
V_05 1 16020 16152 16084 0 5756
V_06 1 16236 17203 17104 0 4526
V_07 1 20043 21403 21289 0 5506
V_08 1 21404 23695 65535 0 0
V_88 2 1 1591 1515 0 5251
V_09 2 1762 3298 3214 0 4626
V_10 2 4208 5290 5110 0 6131
V_11 2 5826 7417 7291 0 4496
V_12 2 8436 8951 8855 0 4891
V_13 2 11074 11217 11157 0 6086
V_14 2 11551 11669 11602 0 4661
V14A 2 12433 12585 12433 0 4101
V_15 2 12587 13793 13790 0 4916
V_16 2 13794 13949 13794 0 4311
V_17 2 16332 16439 16332 0 5671
V_18 2 16440 19189 19084 0 5831
V_19 2 20458 22243 65535 0 0
V319 3 1 1105 965 0 5551
V_20 3 1965 2083 1965 0 5176
V_21 3 1106 2083 1965 0 6041
V_22 3 7826 8456 8348 0 5031
V_23 3 8457 8490 8462 0 5281
V_24 3 8999 10540 10441 0 5046
V23b 3 11300 11565 11565 0 0
V_25 3 14297 14707 14589 0 5916
V_26 3 14708 15009 14923 0 5661
V_27 3 17024 17746 17592 0 5436
V_28 3 15010 15329 15225 0 5581
V_29 3 19233 20390 19233 0 4556
V_30 3 23485 26391 26312 0 5676
V_31 3 28224 30916 30535 0 4321
V_31b 3 31515 36570 36570 0 999999
V_32 3 36574 36964 36584 0 5991
D1Val 1 4192 4517 0
D1Phs 1 4519 8651 8536 0 1
D1Idle 1 4065 4191 3972 0
D2Idle 1 8652 9111 8257 0
D2Tri 1 9235 9449 8257 0
D3Idle 1 10941 11385 10873 0
D3Brg 1 11501 11943 10873 0
D3Tar 1 11944 12571 10873 0
Dp4IdleA 1 14332 14439 14153 0
Dp4IdleB 1 14440 14492 14153 0
Dp4A  1 14493 14731 14153 0
Dp4B  1 14732 15185 14153 0
Dp4B2 1 15316 15763 14153 0
Dp4C  1 15764 16010 14153 0
Dp5Idle 1 16153 16235 16056 0
Dp5A  1 14493 14731 16056 0
Dp5B  1 14732 15185 16056 0
Dp5b2 1 14732 15049 16056 0
DP6Idle 1 17328 18487 16900 0
Dp61  1 18488 19084 16900 0
Dp60  1 19198 19979 20043 0
D7Idle 1 21106 32293 0 1 
D7Too 1 23714 24652 24971 0
D7Itr 1 24973 25839 21658 0
D7Bor 1 26165 26814 21030 0
D7CS  1 26804 26839 21030 0
D8Idle 2 3299 3450 5826 0
D8LH 2 3542 3615 3214 0
D8LHn 2 3705 3945 3214 0
D8RH 2 3450 3540 3214 0
D8RHn 2 3960 4200 3214 0
D8Chi 2 5201 5297 5826 1
D9LH  2 5298 5825 5826 0
D9RH  2 7418 7916 3214 0
D9Chi 2 7917 8365 3214 1
D10SF 2 5295 5805 3214 0
D11SP 2 7905 8370 3214 0
D11AP 2 8445 8370 3214 0 
D11Idle 2 7410 7905 3214 0
D12ES 2 9570 9930 3214 0
D12BB 2 9932 10605 3214 0
D12CC 2 10619 11002 3214 0
D12Idle 2 8910 9405 3214 0
D13Ok 2 12121 12432 11074 0
D13Lt 2 13989 14080 16332 0
D13Idle 2 11655 12045 11542 0
D14Ph 2 14081 14780 13732 0
D14AP 2 14081 14565 13732 0
D16FT 2 14781 15283 13732 0
D16CS 2 15284 15423 13732 0
D16TI 2 15424 15561 13732 0
D16BC 2 15420 15555 13732 0
D17FT 2 14781 15283 13732 0
D17CS 2 15284 15423 13732 0
D17TI 2 15424 15561 13732 0
D17BC 2 19190 19481 18720 0
D18Ph 2 19482 19770 18720 0
D18HS 2 19863 20265 18720 0
D18TI 2 20266 20457 18720 0
D19BC 3 1106 1964 1965 0
D19BQ 3 3817 4565 5339 0
D20B1 3 4566 7415 1 0
D20B2 3 2084 2531 1 0
D20B3 3 2084 2376 1 0
D20B4 3 7416 7701 1965 0
D22BD 3 8741 8998 8999 0
D22CR 3 10670 11296 7826 0
D23TA 3 8491 8740 8999 0
D24BI 3 11300 11580 14297 0
D24TG 3 10541 10669 10441 0
D24FL 3 11581 12722 7826 0
D25B1 3 12773 13828 10441 0
D25B2 3 13829 14043 11693 0
D25B3 3 15594 15744 14297 0
D26QN 3 16162 16802 17024 0
D27BS 3 17747 18081 17024 0
D27FL 3 18284 18544 17024 0
D27BD 3 18545 18977 14297 0
D28BC 3 18545 18977 14297 0
D28PV 3 18545 18977 14923 0
D30FL 3 15330 15446 15225 0
D30QF 3 18978 19232 19233 0
D30QM 3 20391 20755 19233 0
D31KS 3 21914 22027 15225 0
D32K1 3 22177 22805 14297 0
D32K2 3 22806 23085 14297 0
D32K3 3 23086 23341 15225 0
D32K4 3 23086 23484 14589 0
D32K5 3 27180 28223 28224 0
D32K6 3 26614 26858 28224 0
D32K7 3 26860 27178 28224 0
D32K8 3 26392 26490 26312 0
D32K9 3 30917 31511 30535 0
D32K0 3 31512 36526 0 0
DNQN 0 43 450 
I_05 1 431 0 borgrace
I_06 433 1006 0 humans
I_07 1008 2086 0 Bijani
I_08 2088 2334 0 Vulcans
I_09 2336 2975 0 Klingons
I_11 2977 3302 0 ip_q
I_12 3304 3687 0 ip_furlong
I_13 3689 4340 0 ip_targus
I_14 3689 4340 0 ip_targus
I_15 3689 4340 0 ip_targus
I_16 4979 5604 0 ip_biraka
I_17 5606 5916 0 ip_quintmd
I_18 5918 6386 0 ip_sprint0
I_19 3688 6823 0 ip_sprint1
I_20 7208 7652 0 ip_andropov
I_21 19107 20753 0 ip_securityconsole
I_22 23312 23416 0 ip_bridgecode
I_23 8264 8462 0 andro
I_24 7208 7652 0 ip_andropov
I_25 21011 21115 0 ip_hypospraysettings
I_26 11279 11522 0 ip_interfacingdevice
I_28 7656 8027 0 ip_singletary
I_30 8264 8462 0 ip_borg
I_31 12147 12276 0 ip_displayops
I_32 8813 9074 0 ip_opsconsole
I_33 3689 4340 0 ip_targus
I_34 26882 27002 0 ip_danaens
I_35 20755 21009 0 ip_hyposprayIP80
I_36 22458 22973 0 ip_phasertype2
I_37 25994 26124 0 ip_milanusens
I_38 22458 22973 0 ip_phasertype2
I_39 9076 9276 0 ip_captainschair
I_40 9278 9570 0 ip_medicaltricorder
I_41 26195 26318 0 ip_barnettens
I_42 22975 23310 0 ip_shipokudagram
I_44 9572 9993 0 ip_turbolift
I_45 9995 10332 0 ip_isolinearchips
I_46 10338 10604 0 ip_comptrcoreconsole
I_47 10601 10932 0 ip_borgimplant
I_48 10934 11277 0 ip_cuttingtool
I_49 11279 11522 0 ip_sensingtool
I_50 21233 21358 0 ip_hyposprayhumanblk
I_51 17286 17574 0 ip_borginfoexchange
I_52 11524 11798 0 ip_tricorder
I_53 11524 11798 0 ip_tricorder
I_54 18232 18558 0 ip_cardassianunion
I_55 18560 19105 0 ip_cardassianraidstorture
I_56 12278 12459 0 ip_accesspanl
I_57 11965 12145 0 ip_jefferiestube
I_58 12461 12574 0 ip_jefftubedoor
I_59 12461 12574 0 ip_jefftubedoor
I_60 12576 12799 0 ip_qborg
I_61 12801 13058 0 ip_syringearm
I_62 13060 13245 0 ip_borgfurlong
I_63 13247 13439 0 ip_weapnarm
I_64 13441 13586 0 ip_borghand
I_66 13588 13793 0 ip_navconsole
I_67 13795 14050 0 ip_tacticalconsole
I_68 14052 14378 0 ip_bulkhead
I_69 22975 23310 0 ip_turboliftcontrolpad
I_69 14380 14614 0 ip_turbolift
I_70 14616 15152 0 ip_qquint
I_71 15154 15600 0 ip_borgcircuit
I_72 23736 24135 0 ip_bioneuralimplanttargus
I_73 15602 15795 0 ip_conputerinterface
I_74 24206 24399 0 ip_shorhamlt
I_75 24469 24646 0 ip_pietrocdt
I_76 15797 16200 0 ip_medkit
I_76 24718 24893 0 ip_terracdt
I_77 24964 25142 0 ip_tishirucdt
I_78 16554 16751 0 ip_b/tubing
I_79 25459 25668 0 ip_brightens
I_80 25378 25924 0 ip_mantraylt
I_81 25994 26124 0 ip_milanusens
I_82 17074 17284 0 ip_borgpanl
I_83 17074 17284 0 ip_borgpanl
I_84 17074 17284 0 ip_borgpanl
I_85 17074 17284 0 ip_borgpanl
I_86 26882 27002 0 Xchange
I_88 17576 18038 0 ip_borgdesignator
I_89 26389 26566 0 ip_timonalphalt
I_91 20755 21009 0 ip_hyposprayIP80
I_92 18040 18230 0 ip_borgtargus
I_93 26882 27002 0 Xchange

